0	588
0	0
1	0
2	0
3	0
4	0
5	0
5	1
5	2
5	3
5	4
5	5
5	6
5	7
5	8
5	9
5	10
5	11
5	12
5	13
5	14
5	15
5	16
5	17
5	18
5	19
5	20
5	21
5	22
5	23
5	24
5	25
5	26
5	27
5	28
5	29
5	30
5	31
5	32
5	33
5	34
5	35
5	36
5	37
5	38
5	39
5	40
5	41
5	42
5	43
5	44
5	45
5	46
5	47
5	48
5	49
5	50
5	51
5	52
5	53
5	54
5	55
5	56
5	57
5	58
5	59
5	60
5	61
5	62
5	63
5	64
5	65
5	66
5	67
5	68
5	69
5	70
5	71
5	72
5	73
5	74
5	75
5	76
5	77
6	77
6	78
6	79
6	80
6	81
6	82
6	83
6	84
6	85
6	86
6	87
6	88
6	89
6	90
6	91
6	92
6	93
6	94
6	95
6	96
6	97
6	98
6	99
6	100
6	101
6	102
6	103
6	104
6	105
6	106
6	107
6	108
6	109
6	110
6	111
6	112
6	113
6	114
6	115
6	116
6	117
6	118
6	119
6	120
6	121
6	122
6	123
6	124
6	125
6	126
6	127
6	128
6	129
6	130
6	131
6	132
6	133
6	134
6	135
6	136
6	137
6	138
6	139
6	140
6	141
6	142
6	143
6	144
6	145
6	146
6	147
6	148
6	149
6	150
6	151
6	152
6	153
6	154
6	155
6	156
6	157
6	158
6	159
6	160
6	161
6	162
6	163
6	164
6	165
6	166
6	167
6	168
6	169
6	170
6	171
6	172
6	173
6	174
6	175
6	176
6	177
6	178
6	179
6	180
6	181
6	182
6	183
6	184
6	185
6	186
6	187
6	188
6	189
6	190
6	191
6	192
6	193
6	194
6	195
6	196
6	197
6	198
6	199
6	200
6	201
6	202
6	203
6	204
6	205
6	206
6	207
6	208
6	209
6	210
6	211
6	212
6	213
6	214
6	215
6	216
6	217
6	218
6	219
6	220
6	221
6	222
6	223
6	224
6	225
6	226
6	227
6	228
6	229
6	230
6	231
6	232
6	233
6	234
6	235
6	236
6	237
6	238
6	239
6	240
6	241
6	242
6	243
6	244
6	245
6	246
6	247
6	248
6	249
6	250
6	251
6	252
6	253
6	254
6	255
6	256
6	257
6	258
6	259
6	260
6	261
6	262
6	263
6	264
6	265
6	266
6	267
6	268
6	269
6	270
6	271
6	272
6	273
6	274
6	275
6	276
6	277
6	278
6	279
6	280
6	281
6	282
6	283
6	284
6	285
6	286
6	287
6	288
5	288
4	288
3	288
2	288
1	288
0	288
0	287
0	286
0	285
0	284
0	283
0	282
0	281
0	280
0	279
0	278
0	277
0	276
0	275
0	274
0	273
0	272
0	271
0	270
0	269
0	268
0	267
0	266
0	265
0	264
0	263
0	262
0	261
0	260
0	259
0	258
0	257
0	256
0	255
0	254
0	253
0	252
0	251
0	250
0	249
0	248
0	247
0	246
0	245
0	244
0	243
0	242
0	241
0	240
0	239
0	238
0	237
0	236
0	235
0	234
0	233
0	232
0	231
0	230
0	229
0	228
0	227
0	226
0	225
0	224
0	223
0	222
0	221
0	220
0	219
0	218
0	217
0	216
0	215
0	214
0	213
0	212
0	211
0	210
0	209
0	208
0	207
0	206
0	205
0	204
0	203
0	202
0	201
0	200
0	199
0	198
0	197
0	196
0	195
0	194
0	193
0	192
0	191
0	190
0	189
0	188
0	187
0	186
0	185
0	184
0	183
0	182
0	181
0	180
0	179
0	178
0	177
0	176
0	175
0	174
0	173
0	172
0	171
0	170
0	169
0	168
0	167
0	166
0	165
0	164
0	163
0	162
0	161
0	160
0	159
0	158
0	157
0	156
0	155
0	154
0	153
0	152
0	151
0	150
0	149
0	148
0	147
0	146
0	145
0	144
0	143
0	142
0	141
0	140
0	139
0	138
0	137
0	136
0	135
0	134
0	133
0	132
0	131
0	130
0	129
0	128
0	127
0	126
0	125
0	124
0	123
0	122
0	121
0	120
0	119
0	118
0	117
0	116
0	115
0	114
0	113
0	112
0	111
0	110
0	109
0	108
0	107
0	106
0	105
0	104
0	103
0	102
0	101
0	100
0	99
0	98
0	97
0	96
0	95
0	94
0	93
0	92
0	91
0	90
0	89
0	88
0	87
0	86
0	85
0	84
0	83
0	82
0	81
0	80
0	79
0	78
0	77
0	76
0	75
0	74
0	73
0	72
0	71
0	70
0	69
0	68
0	67
0	66
0	65
0	64
0	63
0	62
0	61
0	60
0	59
0	58
0	57
0	56
0	55
0	54
0	53
0	52
0	51
0	50
0	49
0	48
0	47
0	46
0	45
0	44
0	43
0	42
0	41
0	40
0	39
0	38
0	37
0	36
0	35
0	34
0	33
0	32
0	31
0	30
0	29
0	28
0	27
0	26
0	25
0	24
0	23
0	22
0	21
0	20
0	19
0	18
0	17
0	16
0	15
0	14
0	13
0	12
0	11
0	10
0	9
0	8
0	7
0	6
0	5
0	4
0	3
0	2
0	1

1	2412
5	0
6	0
7	0
8	0
9	0
10	0
11	0
12	0
13	0
14	0
15	0
16	0
17	0
18	0
19	0
20	0
21	0
22	0
23	0
24	0
25	0
26	0
27	0
28	0
29	0
30	0
31	0
32	0
33	0
34	0
35	0
36	0
37	0
38	0
39	0
40	0
41	0
42	0
43	0
44	0
45	0
46	0
47	0
48	0
49	0
50	0
51	0
52	0
53	0
54	0
55	0
56	0
57	0
58	0
59	0
60	0
61	0
62	0
63	0
64	0
65	0
66	0
67	0
68	0
69	0
70	0
71	0
72	0
73	0
74	0
75	0
76	0
77	0
78	0
79	0
80	0
81	0
82	0
83	0
84	0
85	0
86	0
87	0
88	0
89	0
90	0
91	0
92	0
93	0
94	0
95	0
96	0
97	0
98	0
99	0
100	0
101	0
102	0
103	0
104	0
105	0
106	0
107	0
108	0
109	0
110	0
111	0
112	0
113	0
114	0
115	0
116	0
117	0
118	0
119	0
120	0
121	0
122	0
123	0
124	0
125	0
126	0
127	0
128	0
129	0
130	0
131	0
132	0
133	0
134	0
135	0
136	0
137	0
138	0
139	0
140	0
141	0
142	0
143	0
144	0
145	0
146	0
147	0
148	0
149	0
150	0
151	0
152	0
153	0
154	0
155	0
156	0
157	0
158	0
159	0
160	0
161	0
162	0
163	0
164	0
165	0
166	0
167	0
168	0
169	0
170	0
171	0
172	0
173	0
174	0
175	0
176	0
177	0
178	0
179	0
180	0
181	0
182	0
183	0
184	0
185	0
186	0
187	0
188	0
189	0
190	0
191	0
192	0
193	0
194	0
195	0
196	0
197	0
198	0
199	0
200	0
201	0
202	0
203	0
204	0
205	0
206	0
207	0
208	0
209	0
210	0
211	0
212	0
213	0
214	0
215	0
216	0
217	0
218	0
219	0
220	0
221	0
222	0
223	0
224	0
225	0
226	0
227	0
228	0
229	0
230	0
231	0
232	0
233	0
234	0
235	0
236	0
237	0
238	0
239	0
240	0
241	0
242	0
243	0
244	0
245	0
246	0
247	0
248	0
249	0
250	0
251	0
252	0
253	0
254	0
255	0
256	0
257	0
258	0
259	0
260	0
261	0
262	0
263	0
264	0
265	0
266	0
267	0
268	0
269	0
270	0
271	0
272	0
273	0
274	0
275	0
276	0
277	0
278	0
279	0
280	0
281	0
282	0
283	0
284	0
285	0
286	0
287	0
288	0
289	0
290	0
291	0
292	0
293	0
294	0
295	0
296	0
297	0
298	0
299	0
300	0
301	0
302	0
303	0
304	0
305	0
306	0
307	0
308	0
309	0
310	0
311	0
312	0
313	0
314	0
315	0
316	0
317	0
318	0
319	0
320	0
321	0
322	0
323	0
324	0
325	0
326	0
327	0
328	0
329	0
330	0
331	0
332	0
333	0
334	0
335	0
336	0
337	0
338	0
339	0
340	0
341	0
342	0
343	0
344	0
345	0
346	0
347	0
348	0
349	0
350	0
351	0
352	0
353	0
354	0
355	0
356	0
357	0
358	0
359	0
360	0
361	0
362	0
363	0
364	0
365	0
366	0
367	0
368	0
369	0
370	0
371	0
372	0
373	0
374	0
375	0
376	0
377	0
378	0
379	0
380	0
381	0
382	0
383	0
384	0
385	0
386	0
387	0
388	0
389	0
390	0
391	0
392	0
393	0
394	0
395	0
396	0
397	0
398	0
399	0
400	0
401	0
402	0
403	0
404	0
405	0
406	0
407	0
408	0
409	0
410	0
411	0
412	0
413	0
414	0
415	0
416	0
417	0
418	0
419	0
420	0
421	0
422	0
423	0
424	0
425	0
426	0
427	0
428	0
429	0
430	0
431	0
432	0
433	0
434	0
435	0
436	0
437	0
438	0
439	0
440	0
441	0
442	0
443	0
444	0
445	0
446	0
447	0
448	0
449	0
450	0
451	0
452	0
453	0
454	0
455	0
456	0
457	0
458	0
459	0
460	0
461	0
462	0
463	0
464	0
465	0
466	0
467	0
468	0
469	0
470	0
471	0
472	0
473	0
474	0
475	0
476	0
477	0
478	0
479	0
480	0
480	1
480	2
480	3
480	4
480	5
480	6
480	7
480	8
480	9
480	10
480	11
480	12
480	13
480	14
480	15
480	16
480	17
480	18
480	19
480	20
480	21
480	22
480	23
480	24
480	25
480	26
480	27
480	28
480	29
480	30
480	31
480	32
480	33
480	34
480	35
480	36
480	37
480	38
480	39
480	40
480	41
480	42
480	43
480	44
480	45
480	46
480	47
480	48
480	49
480	50
480	51
480	52
480	53
480	54
480	55
480	56
480	57
480	58
480	59
480	60
480	61
480	62
480	63
480	64
480	65
480	66
480	67
480	68
480	69
480	70
480	71
480	72
480	73
480	74
480	75
480	76
480	77
480	78
480	79
480	80
480	81
480	82
480	83
480	84
480	85
480	86
480	87
480	88
480	89
480	90
480	91
480	92
480	93
480	94
480	95
480	96
480	97
480	98
480	99
480	100
480	101
480	102
480	103
480	104
480	105
480	106
480	107
480	108
480	109
480	110
480	111
480	112
480	113
480	114
480	115
480	116
480	117
480	118
480	119
480	120
480	121
480	122
480	123
480	124
480	125
480	126
480	127
480	128
480	129
480	130
480	131
480	132
480	133
480	134
480	135
480	136
480	137
480	138
480	139
480	140
480	141
480	142
480	143
480	144
480	145
480	146
480	147
480	148
480	149
480	150
480	151
480	152
480	153
480	154
480	155
480	156
480	157
480	158
480	159
480	160
480	161
480	162
480	163
480	164
480	165
480	166
480	167
480	168
480	169
480	170
480	171
480	172
480	173
480	174
480	175
480	176
480	177
480	178
480	179
480	180
480	181
480	182
480	183
480	184
480	185
480	186
480	187
480	188
480	189
480	190
480	191
480	192
480	193
480	194
480	195
480	196
480	197
480	198
480	199
480	200
480	201
480	202
480	203
480	204
480	205
480	206
480	207
480	208
480	209
480	210
480	211
480	212
480	213
480	214
480	215
480	216
480	217
480	218
480	219
480	220
480	221
480	222
480	223
480	224
480	225
480	226
480	227
480	228
480	229
480	230
480	231
480	232
480	233
480	234
480	235
480	236
480	237
480	238
480	239
480	240
480	241
480	242
480	243
480	244
480	245
480	246
480	247
480	248
480	249
480	250
480	251
480	252
479	252
478	252
477	252
476	252
475	252
475	251
475	250
475	249
475	248
475	247
475	246
475	245
475	244
475	243
474	243
474	242
474	241
473	241
473	240
472	240
471	240
471	239
470	239
470	238
469	238
469	237
469	236
468	236
468	235
468	234
467	234
467	233
467	232
466	232
466	231
466	230
466	229
465	229
465	228
465	227
465	226
464	226
464	225
464	224
463	224
463	223
463	222
462	222
462	221
462	220
461	220
461	219
461	218
460	218
460	217
459	217
459	216
458	216
458	215
457	215
457	214
457	213
457	212
456	212
456	211
455	211
455	210
455	209
455	208
455	207
455	206
455	205
455	204
454	204
454	203
454	202
454	201
454	200
454	199
454	198
454	197
454	196
454	195
454	194
454	193
454	192
454	191
454	190
454	189
453	189
453	188
453	187
453	186
453	185
453	184
454	184
454	183
454	182
454	181
454	180
454	179
454	178
454	177
454	176
454	175
454	174
453	174
453	173
453	172
452	172
452	171
452	170
451	170
451	169
450	169
450	168
450	167
450	166
450	165
449	165
449	164
449	163
448	163
448	162
448	161
448	160
448	159
448	158
448	157
448	156
448	155
448	154
448	153
448	152
448	151
448	150
448	149
448	148
448	147
448	146
448	145
448	144
448	143
448	142
448	141
447	141
446	141
446	140
446	139
446	138
446	137
445	137
444	137
443	137
442	137
441	137
440	137
439	137
438	137
437	137
436	137
435	137
435	136
434	136
434	135
434	134
433	134
433	133
433	132
432	132
432	131
431	131
431	130
430	130
430	129
429	129
429	128
428	128
427	128
427	127
426	127
425	127
425	126
424	126
423	126
422	126
421	126
421	125
421	124
421	123
420	123
420	122
419	122
419	121
419	120
418	120
418	119
418	118
417	118
417	117
417	116
417	115
417	114
417	113
417	112
417	111
417	110
417	109
417	108
416	108
416	107
416	106
416	105
416	104
417	104
417	103
417	102
417	101
417	100
417	99
417	98
417	97
417	96
417	95
416	95
416	94
416	93
415	93
415	92
414	92
414	91
413	91
413	90
413	89
412	89
412	88
411	88
411	87
411	86
410	86
410	85
410	84
409	84
408	84
408	83
408	82
407	82
407	81
407	80
406	80
406	79
406	78
405	78
405	77
405	76
405	75
404	75
404	74
404	73
404	72
404	71
404	70
404	69
404	68
403	68
403	67
403	66
402	66
402	65
402	64
402	63
402	62
402	61
401	61
401	60
401	59
401	58
401	57
401	56
401	55
401	54
401	53
401	52
401	51
401	50
401	49
401	48
401	47
401	46
401	45
400	45
400	44
400	43
400	42
400	41
400	40
400	39
400	38
400	37
400	36
400	35
400	34
400	33
401	33
401	32
401	31
401	30
401	29
401	28
400	28
400	27
400	26
400	25
399	25
399	24
399	23
398	23
397	23
396	23
395	23
395	24
395	25
394	25
394	26
394	27
394	28
393	28
393	29
393	30
393	31
393	32
393	33
394	33
394	34
395	34
395	35
395	36
395	37
395	38
395	39
395	40
395	41
395	42
395	43
395	44
395	45
395	46
395	47
395	48
395	49
395	50
395	51
395	52
395	53
395	54
395	55
395	56
395	57
395	58
395	59
395	60
395	61
395	62
395	63
395	64
395	65
395	66
395	67
394	67
394	68
394	69
394	70
394	71
394	72
394	73
394	74
394	75
394	76
394	77
394	78
394	79
394	80
393	80
393	81
393	82
392	82
392	83
391	83
391	84
391	85
390	85
390	86
389	86
389	87
388	87
388	88
388	89
387	89
387	90
387	91
386	91
386	92
386	93
385	93
385	94
385	95
384	95
384	96
384	97
384	98
384	99
384	100
384	101
384	102
385	102
385	103
385	104
385	105
385	106
385	107
385	108
385	109
385	110
385	111
385	112
386	112
386	113
386	114
386	115
386	116
386	117
386	118
386	119
385	119
385	120
385	121
384	121
384	122
383	122
382	122
381	122
380	122
380	121
379	121
379	120
379	119
378	119
378	118
378	117
378	116
378	115
378	114
378	113
378	112
378	111
378	110
378	109
378	108
378	107
378	106
378	105
378	104
377	104
376	104
376	103
375	103
375	102
374	102
374	101
374	100
374	99
374	98
374	97
374	96
374	95
374	94
375	94
375	93
376	93
376	92
376	91
376	90
376	89
376	88
376	87
376	86
376	85
375	85
375	84
375	83
374	83
374	82
373	82
373	81
372	81
372	80
372	79
371	79
371	78
371	77
370	77
370	76
370	75
370	74
369	74
369	73
369	72
369	71
369	70
369	69
369	68
369	67
369	66
369	65
369	64
369	63
368	63
367	63
366	63
365	63
364	63
363	63
363	64
363	65
363	66
363	67
363	68
363	69
363	70
363	71
363	72
363	73
363	74
363	75
363	76
362	76
362	77
362	78
362	79
362	80
361	80
361	81
360	81
360	82
360	83
359	83
359	84
359	85
358	85
358	86
358	87
358	88
358	89
358	90
358	91
358	92
358	93
358	94
359	94
359	95
359	96
359	97
359	98
359	99
359	100
359	101
359	102
358	102
358	103
357	103
357	104
357	105
356	105
356	106
356	107
356	108
356	109
356	110
356	111
356	112
356	113
356	114
356	115
356	116
356	117
356	118
356	119
355	119
355	120
355	121
354	121
354	122
353	122
353	123
352	123
352	124
351	124
351	125
351	126
350	126
349	126
349	127
348	127
348	128
347	128
346	128
346	129
345	129
344	129
344	130
343	130
343	131
342	131
342	132
341	132
341	133
340	133
339	133
339	134
338	134
337	134
337	135
337	136
337	137
336	137
336	138
335	138
335	139
335	140
334	140
334	141
334	142
333	142
333	143
333	144
332	144
332	145
332	146
332	147
331	147
331	148
331	149
331	150
331	151
330	151
330	152
330	153
330	154
329	154
329	155
329	156
328	156
328	157
328	158
328	159
328	160
327	160
327	161
327	162
326	162
326	163
325	163
325	164
324	164
324	165
323	165
323	166
323	167
322	167
322	168
321	168
321	169
320	169
320	170
320	171
320	172
320	173
320	174
320	175
320	176
320	177
320	178
320	179
320	180
320	181
319	181
318	181
317	181
316	181
316	182
315	182
314	182
313	182
313	183
312	183
311	183
310	183
309	183
308	183
307	183
306	183
305	183
304	183
303	183
302	183
302	184
301	184
300	184
299	184
298	184
297	184
296	184
295	184
294	184
293	184
292	184
292	185
291	185
290	185
289	185
288	185
287	185
286	185
285	185
284	185
283	185
282	185
282	186
281	186
280	186
279	186
278	186
277	186
276	186
275	186
274	186
273	186
272	186
272	187
271	187
270	187
269	187
268	187
267	187
266	187
265	187
264	187
263	187
262	187
262	188
261	188
260	188
259	188
258	188
257	188
256	188
255	188
254	188
253	188
252	188
252	189
251	189
250	189
249	189
248	189
247	189
246	189
245	189
244	189
243	189
242	189
241	189
240	189
239	189
239	190
238	190
237	190
236	190
235	190
234	190
233	190
232	190
232	191
231	191
230	191
229	191
228	191
227	191
226	191
225	191
224	191
223	191
222	191
221	191
221	190
220	190
220	189
220	188
219	188
219	187
219	186
219	185
219	184
218	184
218	183
218	182
218	181
217	181
217	180
217	179
216	179
216	178
216	177
215	177
215	176
215	175
214	175
214	174
214	173
214	172
214	171
214	170
213	170
213	169
213	168
213	167
212	167
212	166
211	166
211	165
210	165
209	165
209	164
209	163
209	162
208	162
208	161
208	160
208	159
208	158
208	157
208	156
208	155
207	155
207	154
207	153
206	153
205	153
204	153
203	153
202	153
201	153
200	153
199	153
198	153
198	154
197	154
196	154
195	154
195	155
195	156
195	157
195	158
194	158
193	158
192	158
191	158
191	157
190	157
189	157
188	157
188	156
187	156
186	156
185	156
184	156
184	155
183	155
182	155
182	154
181	154
180	154
179	154
178	154
178	153
177	153
176	153
176	152
175	152
174	152
174	151
174	150
173	150
173	149
173	148
173	147
172	147
172	146
172	145
171	145
171	144
171	143
171	142
170	142
170	141
169	141
169	140
169	139
169	138
169	137
168	137
168	136
167	136
166	136
165	136
165	137
164	137
164	138
164	139
164	140
163	140
163	141
162	141
162	142
162	143
161	143
161	144
161	145
160	145
160	146
160	147
160	148
159	148
159	149
159	150
159	151
159	152
159	153
159	154
159	155
159	156
158	156
158	157
158	158
157	158
157	159
156	159
156	160
156	161
155	161
155	162
154	162
153	162
152	162
152	163
152	164
152	165
152	166
152	167
152	168
151	168
151	169
151	170
151	171
151	172
151	173
150	173
150	174
149	174
149	175
149	176
148	176
148	177
147	177
147	178
147	179
146	179
146	180
146	181
146	182
146	183
145	183
145	184
145	185
145	186
145	187
145	188
144	188
144	189
144	190
144	191
143	191
143	192
143	193
143	194
142	194
141	194
140	194
139	194
138	194
137	194
136	194
135	194
134	194
134	195
133	195
132	195
132	196
131	196
130	196
130	197
129	197
129	198
128	198
128	199
128	200
128	201
128	202
128	203
128	204
128	205
128	206
127	206
127	207
126	207
126	208
125	208
125	209
124	209
123	209
123	210
122	210
121	210
121	211
120	211
119	211
118	211
117	211
116	211
115	211
114	211
113	211
113	210
113	209
112	209
112	208
112	207
112	206
112	205
113	205
113	204
113	203
112	203
112	202
112	201
111	201
110	201
110	200
109	200
109	199
109	198
108	198
108	197
107	197
106	197
105	197
104	197
104	196
104	195
104	194
104	193
104	192
104	191
104	190
104	189
104	188
103	188
103	187
102	187
101	187
100	187
100	186
99	186
99	185
98	185
97	185
96	185
95	185
94	185
93	185
92	185
91	185
90	185
89	185
88	185
87	185
87	184
87	183
87	182
87	181
87	180
87	179
87	178
87	177
87	176
87	175
87	174
87	173
87	172
86	172
86	171
85	171
84	171
84	170
84	169
83	169
83	168
83	167
82	167
82	166
82	165
82	164
82	163
82	162
82	161
83	161
83	160
83	159
83	158
83	157
83	156
82	156
82	155
82	154
82	153
82	152
81	152
81	151
81	150
81	149
81	148
81	147
81	146
80	146
80	145
80	144
80	143
80	142
80	141
80	140
80	139
80	138
80	137
80	136
80	135
80	134
80	133
80	132
80	131
80	130
80	129
79	129
78	129
77	129
76	129
75	129
75	130
74	130
74	131
74	132
74	133
73	133
73	134
73	135
73	136
73	137
73	138
73	139
73	140
73	141
73	142
73	143
73	144
73	145
72	145
72	146
72	147
71	147
71	148
71	149
71	150
70	150
70	151
69	151
69	152
69	153
69	154
68	154
68	155
68	156
68	157
68	158
67	158
67	159
67	160
68	160
68	161
68	162
68	163
68	164
68	165
67	165
67	166
67	167
66	167
66	168
65	168
64	168
64	169
63	169
63	170
62	170
62	171
62	172
62	173
62	174
61	174
61	175
61	176
61	177
61	178
61	179
60	179
60	180
60	181
60	182
59	182
59	183
58	183
58	184
57	184
57	185
56	185
56	186
55	186
55	187
55	188
54	188
53	188
53	189
52	189
52	190
51	190
51	191
51	192
50	192
50	193
50	194
49	194
49	195
49	196
49	197
48	197
48	198
48	199
48	200
48	201
47	201
47	202
47	203
47	204
47	205
46	205
46	206
46	207
46	208
45	208
45	209
45	210
44	210
44	211
44	212
43	212
43	213
43	214
42	214
42	215
41	215
41	216
40	216
40	217
39	217
39	218
39	219
38	219
38	220
38	221
37	221
37	222
37	223
37	224
36	224
36	225
36	226
35	226
35	227
35	228
35	229
35	230
34	230
34	231
34	232
33	232
33	233
33	234
32	234
32	235
32	236
32	237
32	238
32	239
31	239
31	240
31	241
31	242
31	243
31	244
31	245
31	246
31	247
31	248
30	248
30	249
30	250
30	251
30	252
29	252
29	253
29	254
29	255
29	256
28	256
28	257
28	258
28	259
28	260
27	260
27	261
27	262
27	263
27	264
26	264
26	265
26	266
26	267
26	268
26	269
26	270
26	271
26	272
26	273
26	274
26	275
26	276
26	277
25	277
25	278
25	279
25	280
25	281
24	281
23	281
23	282
23	283
23	284
23	285
23	286
22	286
21	286
20	286
19	286
18	286
18	287
17	287
16	287
15	287
14	287
13	287
12	287
11	287
10	287
9	287
8	287
8	288
7	288
6	288
6	287
6	286
6	285
6	284
6	283
6	282
6	281
6	280
6	279
6	278
6	277
6	276
6	275
6	274
6	273
6	272
6	271
6	270
6	269
6	268
6	267
6	266
6	265
6	264
6	263
6	262
6	261
6	260
6	259
6	258
6	257
6	256
6	255
6	254
6	253
6	252
6	251
6	250
6	249
6	248
6	247
6	246
6	245
6	244
6	243
6	242
6	241
6	240
6	239
6	238
6	237
6	236
6	235
6	234
6	233
6	232
6	231
6	230
6	229
6	228
6	227
6	226
6	225
6	224
6	223
6	222
6	221
6	220
6	219
6	218
6	217
6	216
6	215
6	214
6	213
6	212
6	211
6	210
6	209
6	208
6	207
6	206
6	205
6	204
6	203
6	202
6	201
6	200
6	199
6	198
6	197
6	196
6	195
6	194
6	193
6	192
6	191
6	190
6	189
6	188
6	187
6	186
6	185
6	184
6	183
6	182
6	181
6	180
6	179
6	178
6	177
6	176
6	175
6	174
6	173
6	172
6	171
6	170
6	169
6	168
6	167
6	166
6	165
6	164
6	163
6	162
6	161
6	160
6	159
6	158
6	157
6	156
6	155
6	154
6	153
6	152
6	151
6	150
6	149
6	148
6	147
6	146
6	145
6	144
6	143
6	142
6	141
6	140
6	139
6	138
6	137
6	136
6	135
6	134
6	133
6	132
6	131
6	130
6	129
6	128
6	127
6	126
6	125
6	124
6	123
6	122
6	121
6	120
6	119
6	118
6	117
6	116
6	115
6	114
6	113
6	112
6	111
6	110
6	109
6	108
6	107
6	106
6	105
6	104
6	103
6	102
6	101
6	100
6	99
6	98
6	97
6	96
6	95
6	94
6	93
6	92
6	91
6	90
6	89
6	88
6	87
6	86
6	85
6	84
6	83
6	82
6	81
6	80
6	79
6	78
6	77
5	77
5	76
5	75
5	74
5	73
5	72
5	71
5	70
5	69
5	68
5	67
5	66
5	65
5	64
5	63
5	62
5	61
5	60
5	59
5	58
5	57
5	56
5	55
5	54
5	53
5	52
5	51
5	50
5	49
5	48
5	47
5	46
5	45
5	44
5	43
5	42
5	41
5	40
5	39
5	38
5	37
5	36
5	35
5	34
5	33
5	32
5	31
5	30
5	29
5	28
5	27
5	26
5	25
5	24
5	23
5	22
5	21
5	20
5	19
5	18
5	17
5	16
5	15
5	14
5	13
5	12
5	11
5	10
5	9
5	8
5	7
5	6
5	5
5	4
5	3
5	2
5	1

2	274
395	23
396	23
397	23
398	23
399	23
399	24
399	25
400	25
400	26
400	27
400	28
401	28
401	29
401	30
401	31
401	32
401	33
400	33
400	34
400	35
400	36
400	37
400	38
400	39
400	40
400	41
400	42
400	43
400	44
400	45
401	45
401	46
401	47
401	48
401	49
401	50
401	51
401	52
401	53
401	54
401	55
401	56
401	57
401	58
401	59
401	60
401	61
402	61
402	62
402	63
402	64
402	65
402	66
403	66
403	67
403	68
404	68
404	69
404	70
404	71
404	72
404	73
404	74
404	75
405	75
405	76
405	77
405	78
406	78
406	79
406	80
407	80
407	81
407	82
408	82
408	83
408	84
407	84
406	84
405	84
404	84
404	85
404	86
404	87
404	88
405	88
405	89
405	90
405	91
405	92
405	93
405	94
405	95
405	96
405	97
405	98
405	99
405	100
405	101
405	102
406	102
406	103
406	104
406	105
406	106
406	107
406	108
406	109
406	110
406	111
406	112
406	113
406	114
406	115
406	116
406	117
407	117
407	118
407	119
407	120
407	121
407	122
408	122
408	123
408	124
407	124
406	124
405	124
404	124
403	124
402	124
401	124
400	124
400	125
399	125
398	125
397	125
396	125
396	126
395	126
394	126
393	126
392	126
391	126
390	126
389	126
388	126
387	126
386	126
385	126
385	125
384	125
383	125
383	124
383	123
383	122
384	122
384	121
385	121
385	120
385	119
386	119
386	118
386	117
386	116
386	115
386	114
386	113
386	112
385	112
385	111
385	110
385	109
385	108
385	107
385	106
385	105
385	104
385	103
385	102
384	102
384	101
384	100
384	99
384	98
384	97
384	96
384	95
385	95
385	94
385	93
386	93
386	92
386	91
387	91
387	90
387	89
388	89
388	88
388	87
389	87
389	86
390	86
390	85
391	85
391	84
391	83
392	83
392	82
393	82
393	81
393	80
394	80
394	79
394	78
394	77
394	76
394	75
394	74
394	73
394	72
394	71
394	70
394	69
394	68
394	67
395	67
395	66
395	65
395	64
395	63
395	62
395	61
395	60
395	59
395	58
395	57
395	56
395	55
395	54
395	53
395	52
395	51
395	50
395	49
395	48
395	47
395	46
395	45
395	44
395	43
395	42
395	41
395	40
395	39
395	38
395	37
395	36
395	35
395	34
394	34
394	33
393	33
393	32
393	31
393	30
393	29
393	28
394	28
394	27
394	26
394	25
395	25
395	24

3	314
363	63
364	63
365	63
366	63
367	63
368	63
369	63
369	64
369	65
369	66
369	67
369	68
369	69
369	70
369	71
369	72
369	73
369	74
370	74
370	75
370	76
370	77
371	77
371	78
371	79
372	79
372	80
372	81
373	81
373	82
374	82
374	83
375	83
375	84
375	85
376	85
376	86
376	87
376	88
376	89
376	90
376	91
376	92
376	93
375	93
375	94
374	94
374	95
374	96
374	97
374	98
374	99
374	100
374	101
374	102
373	102
373	103
373	104
373	105
373	106
373	107
373	108
373	109
373	110
372	110
372	111
372	112
372	113
372	114
372	115
373	115
373	116
373	117
373	118
373	119
374	119
374	120
374	121
374	122
375	122
375	123
375	124
375	125
375	126
375	127
376	127
376	128
376	129
376	130
376	131
376	132
376	133
376	134
377	134
377	135
377	136
377	137
377	138
377	139
377	140
377	141
378	141
378	142
378	143
378	144
378	145
378	146
378	147
378	148
379	148
379	149
379	150
379	151
379	152
379	153
379	154
380	154
380	155
380	156
380	157
380	158
379	158
378	158
377	158
376	158
375	158
374	158
373	158
373	159
372	159
371	159
370	159
369	159
368	159
367	159
366	159
365	159
364	159
363	159
362	159
361	159
360	159
359	159
358	159
358	160
357	160
356	160
355	160
354	160
353	160
352	160
351	160
350	160
349	160
348	160
347	160
346	160
345	160
345	161
344	161
343	161
342	161
341	161
340	161
339	161
338	161
338	162
337	162
336	162
335	162
334	162
333	162
332	162
331	162
330	162
329	162
328	162
327	162
327	161
327	160
328	160
328	159
328	158
328	157
328	156
329	156
329	155
329	154
330	154
330	153
330	152
330	151
331	151
331	150
331	149
331	148
331	147
332	147
332	146
332	145
332	144
333	144
333	143
333	142
334	142
334	141
334	140
335	140
335	139
335	138
336	138
336	137
337	137
337	136
337	135
337	134
338	134
339	134
339	133
340	133
341	133
341	132
342	132
342	131
343	131
343	130
344	130
344	129
345	129
346	129
346	128
347	128
348	128
348	127
349	127
349	126
350	126
351	126
351	125
351	124
352	124
352	123
353	123
353	122
354	122
354	121
355	121
355	120
355	119
356	119
356	118
356	117
356	116
356	115
356	114
356	113
356	112
356	111
356	110
356	109
356	108
356	107
356	106
356	105
357	105
357	104
357	103
358	103
358	102
359	102
359	101
359	100
359	99
359	98
359	97
359	96
359	95
359	94
358	94
358	93
358	92
358	91
358	90
358	89
358	88
358	87
358	86
358	85
359	85
359	84
359	83
360	83
360	82
360	81
361	81
361	80
362	80
362	79
362	78
362	77
362	76
363	76
363	75
363	74
363	73
363	72
363	71
363	70
363	69
363	68
363	67
363	66
363	65
363	64

4	708
404	84
405	84
406	84
407	84
408	84
409	84
410	84
410	85
410	86
411	86
411	87
411	88
412	88
412	89
413	89
413	90
413	91
414	91
414	92
415	92
415	93
416	93
416	94
416	95
417	95
417	96
417	97
417	98
417	99
417	100
417	101
417	102
417	103
417	104
416	104
416	105
416	106
416	107
416	108
417	108
417	109
417	110
417	111
417	112
417	113
417	114
417	115
417	116
417	117
417	118
418	118
418	119
418	120
419	120
419	121
419	122
420	122
420	123
421	123
421	124
421	125
421	126
422	126
423	126
424	126
425	126
425	127
426	127
427	127
427	128
428	128
429	128
429	129
430	129
430	130
431	130
431	131
432	131
432	132
433	132
433	133
433	134
434	134
434	135
434	136
435	136
435	137
436	137
436	138
436	139
437	139
437	140
438	140
439	140
439	141
440	141
441	141
442	141
443	141
444	141
445	141
446	141
447	141
448	141
448	142
448	143
448	144
448	145
448	146
448	147
448	148
448	149
448	150
448	151
448	152
448	153
448	154
448	155
448	156
448	157
448	158
448	159
448	160
448	161
448	162
448	163
449	163
449	164
449	165
450	165
450	166
450	167
450	168
450	169
451	169
451	170
452	170
452	171
452	172
453	172
453	173
453	174
454	174
454	175
454	176
454	177
454	178
454	179
454	180
454	181
454	182
454	183
454	184
453	184
453	185
453	186
453	187
453	188
453	189
454	189
454	190
454	191
454	192
454	193
454	194
454	195
454	196
454	197
454	198
454	199
454	200
454	201
454	202
454	203
454	204
455	204
455	205
455	206
455	207
455	208
455	209
455	210
455	211
456	211
456	212
457	212
457	213
457	214
457	215
458	215
458	216
459	216
459	217
460	217
460	218
461	218
461	219
461	220
462	220
462	221
462	222
463	222
463	223
463	224
464	224
464	225
464	226
465	226
465	227
465	228
465	229
466	229
466	230
466	231
466	232
467	232
467	233
467	234
468	234
468	235
468	236
469	236
469	237
469	238
470	238
470	239
471	239
471	240
472	240
473	240
473	241
474	241
474	242
474	243
475	243
475	244
475	245
475	246
475	247
475	248
475	249
475	250
475	251
475	252
474	252
473	252
472	252
471	252
470	252
469	252
468	252
467	252
466	252
465	252
464	252
463	252
463	253
462	253
461	253
460	253
459	253
458	253
457	253
456	253
455	253
454	253
453	253
452	253
451	253
450	253
449	253
448	253
447	253
446	253
445	253
444	253
443	253
442	253
441	253
441	254
440	254
439	254
438	254
437	254
436	254
435	254
434	254
433	254
432	254
431	254
431	255
430	255
429	255
428	255
427	255
426	255
425	255
424	255
423	255
422	255
421	255
420	255
419	255
418	255
417	255
416	255
415	255
414	255
413	255
412	255
411	255
411	254
411	253
411	252
411	251
411	250
411	249
411	248
411	247
411	246
410	246
410	245
410	244
410	243
410	242
410	241
409	241
409	240
409	239
409	238
409	237
409	236
409	235
409	234
409	233
409	232
409	231
409	230
408	230
408	229
408	228
408	227
408	226
408	225
408	224
408	223
408	222
408	221
408	220
408	219
408	218
407	218
407	217
407	216
407	215
407	214
407	213
407	212
407	211
407	210
407	209
407	208
407	207
407	206
407	205
407	204
407	203
407	202
407	201
408	201
408	200
408	199
408	198
408	197
408	196
408	195
408	194
408	193
408	192
408	191
408	190
408	189
408	188
407	188
407	187
407	186
407	185
407	184
407	183
407	182
407	181
407	180
407	179
407	178
407	177
407	176
407	175
407	174
406	174
406	173
406	172
406	171
406	170
406	169
405	169
405	168
405	167
404	167
403	167
403	166
402	166
401	166
401	165
400	165
400	164
399	164
399	163
399	162
399	161
399	160
399	159
400	159
401	159
402	159
403	159
404	159
405	159
405	160
406	160
406	161
407	161
407	162
408	162
409	162
410	162
411	162
412	162
413	162
414	162
414	163
415	163
416	163
416	164
417	164
418	164
419	164
419	165
419	166
419	167
420	167
420	168
420	169
420	170
420	171
420	172
420	173
420	174
420	175
420	176
420	177
420	178
419	178
419	179
419	180
419	181
419	182
419	183
419	184
419	185
419	186
419	187
419	188
419	189
419	190
420	190
420	191
420	192
420	193
420	194
420	195
420	196
420	197
420	198
420	199
420	200
420	201
420	202
420	203
420	204
420	205
420	206
420	207
420	208
420	209
421	209
421	210
421	211
421	212
421	213
421	214
421	215
422	215
423	215
424	215
424	216
425	216
426	216
427	216
427	217
428	217
429	217
430	217
431	217
432	217
432	218
433	218
434	218
435	218
436	218
437	218
437	219
438	219
439	219
440	219
441	219
442	219
443	219
444	219
444	218
445	218
445	217
446	217
446	216
447	216
447	215
447	214
447	213
447	212
447	211
447	210
447	209
447	208
447	207
447	206
447	205
447	204
447	203
447	202
447	201
447	200
447	199
447	198
447	197
447	196
447	195
447	194
447	193
446	193
446	192
446	191
446	190
446	189
446	188
446	187
446	186
446	185
446	184
446	183
446	182
446	181
445	181
445	180
445	179
445	178
445	177
445	176
445	175
445	174
445	173
445	172
445	171
445	170
445	169
445	168
445	167
445	166
445	165
444	165
444	164
444	163
444	162
443	162
443	161
443	160
443	159
443	158
442	158
441	158
441	157
440	157
439	157
439	156
438	156
437	156
436	156
436	155
435	155
434	155
433	155
433	154
433	153
432	153
432	152
431	152
431	151
430	151
430	150
430	149
429	149
429	148
429	147
428	147
428	146
428	145
427	145
427	144
427	143
426	143
426	142
426	141
426	140
425	140
425	139
425	138
425	137
424	137
424	136
424	135
424	134
423	134
423	133
423	132
422	132
422	131
422	130
421	130
421	129
420	129
420	128
420	127
419	127
418	127
418	126
417	126
417	125
416	125
415	125
414	125
414	124
413	124
412	124
411	124
410	124
410	123
409	123
408	123
408	122
407	122
407	121
407	120
407	119
407	118
407	117
406	117
406	116
406	115
406	114
406	113
406	112
406	111
406	110
406	109
406	108
406	107
406	106
406	105
406	104
406	103
406	102
405	102
405	101
405	100
405	99
405	98
405	97
405	96
405	95
405	94
405	93
405	92
405	91
405	90
405	89
405	88
404	88
404	87
404	86
404	85

5	504
373	102
374	102
375	102
375	103
376	103
376	104
377	104
378	104
378	105
378	106
378	107
378	108
378	109
378	110
378	111
378	112
378	113
378	114
378	115
378	116
378	117
378	118
378	119
379	119
379	120
379	121
380	121
380	122
381	122
382	122
383	122
383	123
383	124
383	125
384	125
385	125
385	126
386	126
387	126
388	126
389	126
390	126
391	126
392	126
393	126
394	126
395	126
396	126
396	125
397	125
398	125
399	125
400	125
400	124
401	124
402	124
403	124
404	124
405	124
406	124
407	124
408	124
408	123
409	123
410	123
410	124
411	124
412	124
413	124
414	124
414	125
415	125
416	125
417	125
417	126
418	126
418	127
419	127
420	127
420	128
420	129
421	129
421	130
422	130
422	131
422	132
423	132
423	133
423	134
424	134
424	135
424	136
424	137
425	137
425	138
425	139
425	140
426	140
426	141
426	142
426	143
427	143
427	144
427	145
428	145
428	146
428	147
429	147
429	148
429	149
430	149
430	150
430	151
431	151
431	152
432	152
432	153
433	153
433	154
433	155
434	155
435	155
436	155
436	156
437	156
438	156
439	156
439	157
440	157
441	157
441	158
442	158
443	158
443	159
443	160
443	161
443	162
444	162
444	163
444	164
444	165
445	165
445	166
445	167
445	168
445	169
445	170
445	171
445	172
445	173
445	174
445	175
445	176
445	177
445	178
445	179
445	180
445	181
446	181
446	182
446	183
446	184
446	185
446	186
446	187
446	188
446	189
446	190
446	191
446	192
446	193
447	193
447	194
447	195
447	196
447	197
447	198
447	199
447	200
447	201
447	202
447	203
447	204
447	205
447	206
447	207
447	208
447	209
447	210
447	211
447	212
447	213
447	214
447	215
447	216
446	216
446	217
445	217
445	218
444	218
444	219
443	219
442	219
441	219
440	219
439	219
438	219
437	219
437	218
436	218
435	218
434	218
433	218
432	218
432	217
431	217
430	217
429	217
428	217
427	217
427	216
426	216
425	216
424	216
424	215
423	215
422	215
421	215
421	214
421	213
421	212
421	211
421	210
421	209
420	209
420	208
420	207
420	206
420	205
420	204
420	203
420	202
420	201
420	200
420	199
420	198
420	197
420	196
420	195
420	194
420	193
420	192
420	191
420	190
419	190
419	189
419	188
419	187
419	186
419	185
419	184
419	183
419	182
419	181
419	180
419	179
419	178
420	178
420	177
420	176
420	175
420	174
420	173
421	173
422	173
423	173
424	173
425	173
426	173
427	173
427	172
427	171
428	171
429	171
429	170
430	170
430	169
431	169
431	168
432	168
432	167
433	167
433	166
433	165
433	164
433	163
433	162
433	161
433	160
432	160
431	160
430	160
430	161
429	161
428	161
427	161
426	161
425	161
424	161
424	160
423	160
422	160
422	161
421	161
420	161
419	161
419	162
419	163
419	164
418	164
417	164
416	164
416	163
415	163
414	163
414	162
413	162
413	161
413	160
413	159
412	159
412	158
412	157
412	156
412	155
412	154
412	153
412	152
412	151
412	150
412	149
412	148
412	147
413	147
413	146
413	145
413	144
413	143
413	142
413	141
413	140
413	139
413	138
413	137
412	137
412	136
411	136
411	135
410	135
410	134
409	134
408	134
407	134
406	134
405	134
404	134
403	134
402	134
401	134
400	134
400	133
399	133
399	132
398	132
398	131
397	131
396	131
395	131
394	131
394	132
394	133
394	134
394	135
395	135
395	136
395	137
395	138
396	138
396	139
396	140
396	141
397	141
397	142
397	143
398	143
398	144
398	145
398	146
399	146
399	147
399	148
399	149
400	149
400	150
400	151
400	152
400	153
401	153
401	154
401	155
402	155
402	156
403	156
403	157
403	158
403	159
402	159
401	159
400	159
399	159
398	159
397	159
396	159
395	159
394	159
393	159
392	159
391	159
390	159
389	159
388	159
387	159
386	159
385	159
384	159
383	159
382	159
381	159
380	159
380	158
380	157
380	156
380	155
380	154
379	154
379	153
379	152
379	151
379	150
379	149
379	148
378	148
378	147
378	146
378	145
378	144
378	143
378	142
378	141
377	141
377	140
377	139
377	138
377	137
377	136
377	135
377	134
376	134
376	133
376	132
376	131
376	130
376	129
376	128
376	127
375	127
375	126
375	125
375	124
375	123
375	122
374	122
374	121
374	120
374	119
373	119
373	118
373	117
373	116
373	115
372	115
372	114
372	113
372	112
372	111
372	110
373	110
373	109
373	108
373	107
373	106
373	105
373	104
373	103

6	384
75	129
76	129
77	129
78	129
79	129
80	129
80	130
80	131
80	132
80	133
80	134
80	135
80	136
80	137
80	138
80	139
80	140
80	141
80	142
80	143
80	144
80	145
80	146
81	146
81	147
81	148
81	149
81	150
81	151
81	152
82	152
82	153
82	154
82	155
82	156
83	156
83	157
83	158
83	159
83	160
83	161
82	161
82	162
82	163
82	164
82	165
82	166
82	167
83	167
83	168
83	169
84	169
84	170
84	171
83	171
83	172
83	173
83	174
82	174
81	174
81	175
81	176
81	177
81	178
80	178
80	179
80	180
80	181
80	182
80	183
80	184
80	185
80	186
80	187
80	188
80	189
79	189
79	190
79	191
79	192
79	193
79	194
79	195
79	196
79	197
79	198
78	198
78	199
78	200
78	201
78	202
78	203
78	204
77	204
77	205
77	206
77	207
77	208
77	209
77	210
77	211
77	212
77	213
77	214
78	214
79	214
80	214
81	214
82	214
83	214
84	214
85	214
85	215
86	215
87	215
88	215
89	215
90	215
91	215
92	215
93	215
93	216
94	216
95	216
96	216
97	216
97	215
97	214
97	213
98	213
99	213
100	213
101	213
102	213
103	213
103	214
104	214
104	215
104	216
104	217
104	218
104	219
104	220
104	221
104	222
104	223
104	224
104	225
104	226
104	227
103	227
102	227
102	228
101	228
101	229
100	229
100	230
99	230
99	231
98	231
98	232
97	232
96	232
96	233
95	233
95	234
94	234
94	235
93	235
93	236
92	236
91	236
91	237
90	237
90	238
89	238
89	239
88	239
88	240
87	240
87	241
86	241
85	241
85	242
84	242
84	243
83	243
83	244
82	244
82	245
81	245
81	246
80	246
79	246
79	247
79	248
78	248
77	248
77	249
76	249
75	249
75	250
75	251
74	251
74	252
73	252
73	253
72	253
72	254
71	254
70	254
69	254
69	253
69	252
68	252
67	252
66	252
65	252
64	252
63	252
63	251
63	250
63	249
63	248
63	247
63	246
64	246
64	245
64	244
64	243
64	242
65	242
65	241
65	240
66	240
66	239
66	238
66	237
66	236
67	236
67	235
67	234
67	233
68	233
68	232
68	231
68	230
69	230
69	229
69	228
69	227
69	226
69	225
69	224
70	224
70	223
70	222
70	221
70	220
71	220
71	219
71	218
71	217
71	216
72	216
72	215
72	214
72	213
72	212
72	211
72	210
72	209
72	208
72	207
72	206
73	206
73	205
73	204
73	203
73	202
73	201
73	200
73	199
73	198
73	197
73	196
73	195
73	194
73	193
74	193
74	192
74	191
75	191
75	190
75	189
75	188
75	187
75	186
75	185
75	184
75	183
74	183
74	182
74	181
73	181
72	181
71	181
70	181
69	181
68	181
67	181
67	180
67	179
67	178
68	178
68	177
68	176
68	175
68	174
67	174
66	174
65	174
64	174
63	174
62	174
62	173
62	172
62	171
62	170
63	170
63	169
64	169
64	168
65	168
66	168
66	167
67	167
67	166
67	165
68	165
68	164
68	163
68	162
68	161
68	160
67	160
67	159
67	158
68	158
68	157
68	156
68	155
68	154
69	154
69	153
69	152
69	151
70	151
70	150
71	150
71	149
71	148
71	147
72	147
72	146
72	145
73	145
73	144
73	143
73	142
73	141
73	140
73	139
73	138
73	137
73	136
73	135
73	134
73	133
74	133
74	132
74	131
74	130
75	130

7	102
394	131
395	131
396	131
397	131
398	131
398	132
399	132
399	133
400	133
400	134
401	134
402	134
403	134
404	134
405	134
406	134
407	134
408	134
409	134
410	134
410	135
411	135
411	136
412	136
412	137
413	137
413	138
413	139
413	140
413	141
413	142
413	143
413	144
413	145
413	146
413	147
412	147
412	148
412	149
412	150
412	151
412	152
412	153
412	154
412	155
412	156
412	157
412	158
412	159
413	159
413	160
413	161
413	162
412	162
411	162
410	162
409	162
408	162
407	162
407	161
406	161
406	160
405	160
405	159
404	159
403	159
403	158
403	157
403	156
402	156
402	155
401	155
401	154
401	153
400	153
400	152
400	151
400	150
400	149
399	149
399	148
399	147
399	146
398	146
398	145
398	144
398	143
397	143
397	142
397	141
396	141
396	140
396	139
396	138
395	138
395	137
395	136
395	135
394	135
394	134
394	133
394	132

8	16
165	136
166	136
167	136
168	136
168	137
169	137
169	138
169	139
168	139
167	139
166	139
165	139
164	139
164	138
164	137
165	137

9	28
436	137
437	137
438	137
439	137
440	137
441	137
442	137
443	137
444	137
445	137
446	137
446	138
446	139
446	140
446	141
445	141
444	141
443	141
442	141
441	141
440	141
439	141
439	140
438	140
437	140
437	139
436	139
436	138

10	370
164	139
165	139
166	139
167	139
168	139
169	139
169	140
169	141
170	141
170	142
171	142
171	143
171	144
171	145
172	145
172	146
172	147
171	147
170	147
169	147
169	148
169	149
169	150
169	151
169	152
169	153
169	154
170	154
170	155
170	156
170	157
171	157
171	158
172	158
173	158
174	158
175	158
175	159
175	160
175	161
175	162
175	163
175	164
175	165
175	166
175	167
176	167
176	168
176	169
176	170
176	171
177	171
177	172
178	172
178	173
179	173
180	173
181	173
181	174
182	174
182	175
182	176
182	177
182	178
182	179
182	180
182	181
183	181
183	182
183	183
183	184
184	184
184	185
184	186
184	187
184	188
184	189
184	190
184	191
184	192
184	193
184	194
184	195
183	195
183	196
183	197
183	198
183	199
183	200
183	201
183	202
183	203
183	204
183	205
183	206
183	207
182	207
182	208
182	209
182	210
182	211
182	212
182	213
182	214
182	215
182	216
182	217
182	218
182	219
182	220
182	221
182	222
182	223
182	224
182	225
181	225
181	226
181	227
181	228
181	229
181	230
181	231
181	232
181	233
181	234
181	235
181	236
181	237
181	238
181	239
181	240
181	241
181	242
181	243
181	244
181	245
181	246
181	247
181	248
181	249
181	250
181	251
181	252
181	253
180	253
180	254
180	255
180	256
180	257
180	258
180	259
180	260
180	261
180	262
180	263
180	264
180	265
180	266
180	267
180	268
180	269
180	270
179	270
179	271
179	272
179	273
178	273
177	273
176	273
176	274
175	274
174	274
173	274
172	274
171	274
170	274
169	274
168	274
167	274
166	274
165	274
164	274
163	274
163	275
162	275
161	275
160	275
159	275
158	275
157	275
156	275
155	275
154	275
154	276
153	276
152	276
151	276
150	276
149	276
148	276
147	276
147	277
146	277
145	277
144	277
143	277
142	277
141	277
140	277
140	276
140	275
140	274
140	273
140	272
140	271
140	270
140	269
140	268
140	267
140	266
140	265
140	264
140	263
140	262
140	261
140	260
140	259
140	258
140	257
140	256
140	255
140	254
140	253
140	252
140	251
140	250
140	249
140	248
140	247
140	246
140	245
140	244
140	243
140	242
140	241
140	240
140	239
140	238
140	237
140	236
140	235
140	234
140	233
140	232
140	231
140	230
140	229
140	228
140	227
140	226
140	225
140	224
140	223
140	222
140	221
140	220
140	219
140	218
140	217
140	216
140	215
140	214
140	213
140	212
140	211
140	210
140	209
140	208
140	207
140	206
140	205
140	204
141	204
141	203
141	202
141	201
141	200
141	199
142	199
142	198
142	197
142	196
142	195
142	194
143	194
143	193
143	192
143	191
144	191
144	190
144	189
144	188
145	188
145	187
145	186
145	185
145	184
145	183
146	183
146	182
146	181
146	180
146	179
147	179
147	178
147	177
148	177
148	176
149	176
149	175
149	174
150	174
150	173
151	173
151	172
151	171
151	170
151	169
151	168
152	168
152	167
152	166
152	165
152	164
152	163
152	162
153	162
154	162
155	162
155	161
156	161
156	160
156	159
157	159
157	158
158	158
158	157
158	156
159	156
159	155
159	154
159	153
159	152
159	151
159	150
159	149
159	148
160	148
160	147
160	146
160	145
161	145
161	144
161	143
162	143
162	142
162	141
163	141
163	140
164	140

11	14
169	147
170	147
171	147
172	147
173	147
173	148
173	149
173	150
172	150
171	150
170	150
169	150
169	149
169	148

12	30
169	150
170	150
171	150
172	150
173	150
174	150
174	151
174	152
175	152
176	152
176	153
176	154
176	155
176	156
176	157
176	158
175	158
174	158
173	158
172	158
171	158
171	157
170	157
170	156
170	155
170	154
169	154
169	153
169	152
169	151

13	188
176	153
177	153
178	153
178	154
179	154
180	154
181	154
182	154
182	155
183	155
184	155
184	156
185	156
186	156
187	156
188	156
188	157
189	157
190	157
191	157
191	158
192	158
193	158
194	158
195	158
195	159
196	159
197	159
198	159
198	160
199	160
200	160
201	160
201	161
202	161
203	161
203	162
204	162
205	162
206	162
207	162
208	162
209	162
209	163
209	164
209	165
210	165
211	165
211	166
212	166
212	167
213	167
213	168
213	169
213	170
214	170
214	171
214	172
214	173
214	174
214	175
215	175
215	176
215	177
216	177
216	178
216	179
217	179
217	180
217	181
218	181
218	182
218	183
218	184
219	184
219	185
219	186
219	187
219	188
220	188
220	189
220	190
221	190
221	191
221	192
221	193
221	194
221	195
221	196
221	197
221	198
221	199
221	200
221	201
220	201
219	201
218	201
218	200
217	200
216	200
215	200
214	200
214	199
213	199
212	199
211	199
210	199
209	199
209	198
208	198
207	198
206	198
206	197
205	197
204	197
203	197
202	197
202	196
201	196
200	196
199	196
198	196
198	195
197	195
196	195
195	195
194	195
194	194
193	194
192	194
191	194
190	194
190	193
189	193
188	193
187	193
186	193
185	193
184	193
184	192
184	191
184	190
184	189
184	188
184	187
184	186
184	185
184	184
183	184
183	183
183	182
183	181
182	181
182	180
182	179
182	178
182	177
182	176
182	175
182	174
181	174
181	173
180	173
179	173
178	173
178	172
177	172
177	171
176	171
176	170
176	169
176	168
176	167
175	167
175	166
175	165
175	164
175	163
175	162
175	161
175	160
175	159
175	158
176	158
176	157
176	156
176	155
176	154

14	44
198	153
199	153
200	153
201	153
202	153
203	153
204	153
205	153
206	153
207	153
207	154
207	155
208	155
208	156
208	157
208	158
208	159
208	160
208	161
208	162
207	162
206	162
205	162
204	162
203	162
203	161
202	161
201	161
201	160
200	160
199	160
198	160
198	159
197	159
196	159
195	159
195	158
195	157
195	156
195	155
195	154
196	154
197	154
198	154

15	366
373	158
374	158
375	158
376	158
377	158
378	158
379	158
380	158
380	159
381	159
381	160
381	161
381	162
381	163
381	164
381	165
381	166
381	167
381	168
381	169
381	170
381	171
381	172
381	173
381	174
381	175
381	176
381	177
381	178
381	179
381	180
381	181
381	182
381	183
382	183
382	184
382	185
382	186
382	187
382	188
382	189
382	190
382	191
382	192
382	193
382	194
382	195
382	196
382	197
383	197
383	198
383	199
383	200
383	201
383	202
383	203
383	204
383	205
383	206
383	207
383	208
383	209
383	210
383	211
383	212
383	213
383	214
383	215
383	216
383	217
383	218
383	219
383	220
383	221
383	222
383	223
383	224
383	225
383	226
383	227
383	228
383	229
383	230
384	230
384	231
384	232
384	233
384	234
384	235
384	236
384	237
384	238
384	239
384	240
384	241
384	242
384	243
384	244
384	245
384	246
384	247
384	248
384	249
384	250
384	251
384	252
384	253
384	254
384	255
383	255
383	256
383	257
383	258
382	258
381	258
380	258
379	258
378	258
377	258
376	258
375	258
374	258
373	258
372	258
372	259
371	259
370	259
369	259
369	258
369	257
369	256
369	255
369	254
369	253
369	252
369	251
368	251
368	250
367	250
367	249
366	249
365	249
364	249
364	248
363	248
362	248
362	249
361	249
360	249
359	249
358	249
358	250
357	250
356	250
356	251
356	252
356	253
355	253
355	254
355	255
355	256
355	257
355	258
355	259
355	260
354	260
353	260
352	260
351	260
350	260
349	260
349	261
348	261
347	261
346	261
345	261
344	261
343	261
342	261
341	261
340	261
339	261
338	261
337	261
337	262
336	262
335	262
334	262
333	262
332	262
331	262
330	262
329	262
328	262
327	262
326	262
325	262
325	263
324	263
323	263
322	263
322	262
322	261
322	260
322	259
322	258
322	257
322	256
322	255
322	254
322	253
322	252
322	251
322	250
322	249
321	249
321	248
321	247
321	246
321	245
321	244
321	243
321	242
321	241
321	240
321	239
321	238
321	237
321	236
321	235
321	234
321	233
321	232
321	231
321	230
321	229
321	228
321	227
321	226
321	225
321	224
321	223
321	222
322	222
322	221
322	220
323	220
323	219
323	218
323	217
324	217
324	216
324	215
324	214
324	213
324	212
324	211
324	210
324	209
323	209
323	208
322	208
322	207
322	206
322	205
322	204
322	203
322	202
322	201
322	200
322	199
322	198
322	197
322	196
321	196
321	195
321	194
321	193
321	192
321	191
321	190
321	189
320	189
320	188
320	187
320	186
320	185
320	184
320	183
320	182
320	181
320	180
320	179
320	178
320	177
320	176
320	175
320	174
320	173
320	172
320	171
320	170
320	169
321	169
321	168
322	168
322	167
323	167
323	166
323	165
324	165
324	164
325	164
325	163
326	163
326	162
327	162
328	162
329	162
330	162
331	162
332	162
333	162
334	162
335	162
336	162
337	162
338	162
338	161
339	161
340	161
341	161
342	161
343	161
344	161
345	161
345	160
346	160
347	160
348	160
349	160
350	160
351	160
352	160
353	160
354	160
355	160
356	160
357	160
358	160
358	159
359	159
360	159
361	159
362	159
363	159
364	159
365	159
366	159
367	159
368	159
369	159
370	159
371	159
372	159
373	159

16	262
381	159
382	159
383	159
384	159
385	159
386	159
387	159
388	159
389	159
390	159
391	159
392	159
393	159
394	159
395	159
396	159
397	159
398	159
399	159
399	160
399	161
399	162
399	163
399	164
400	164
400	165
401	165
401	166
402	166
403	166
403	167
404	167
405	167
405	168
405	169
406	169
406	170
406	171
406	172
406	173
406	174
407	174
407	175
407	176
407	177
407	178
407	179
407	180
407	181
407	182
407	183
407	184
407	185
407	186
407	187
407	188
408	188
408	189
408	190
408	191
408	192
408	193
408	194
408	195
408	196
408	197
408	198
408	199
408	200
408	201
407	201
407	202
407	203
407	204
407	205
407	206
407	207
407	208
407	209
407	210
407	211
407	212
407	213
407	214
407	215
407	216
407	217
407	218
408	218
408	219
408	220
408	221
408	222
408	223
408	224
408	225
408	226
408	227
408	228
408	229
408	230
409	230
409	231
409	232
409	233
409	234
409	235
409	236
409	237
409	238
409	239
409	240
409	241
410	241
410	242
410	243
410	244
410	245
410	246
411	246
411	247
411	248
411	249
411	250
411	251
411	252
411	253
411	254
411	255
411	256
410	256
409	256
408	256
407	256
406	256
405	256
404	256
403	256
402	256
401	256
400	256
399	256
398	256
397	256
396	256
395	256
395	257
394	257
393	257
392	257
391	257
390	257
389	257
389	258
388	258
387	258
386	258
385	258
384	258
383	258
383	257
383	256
383	255
384	255
384	254
384	253
384	252
384	251
384	250
384	249
384	248
384	247
384	246
384	245
384	244
384	243
384	242
384	241
384	240
384	239
384	238
384	237
384	236
384	235
384	234
384	233
384	232
384	231
384	230
383	230
383	229
383	228
383	227
383	226
383	225
383	224
383	223
383	222
383	221
383	220
383	219
383	218
383	217
383	216
383	215
383	214
383	213
383	212
383	211
383	210
383	209
383	208
383	207
383	206
383	205
383	204
383	203
383	202
383	201
383	200
383	199
383	198
383	197
382	197
382	196
382	195
382	194
382	193
382	192
382	191
382	190
382	189
382	188
382	187
382	186
382	185
382	184
382	183
381	183
381	182
381	181
381	180
381	179
381	178
381	177
381	176
381	175
381	174
381	173
381	172
381	171
381	170
381	169
381	168
381	167
381	166
381	165
381	164
381	163
381	162
381	161
381	160

17	56
422	160
423	160
424	160
424	161
425	161
426	161
427	161
428	161
429	161
430	161
430	160
431	160
432	160
433	160
433	161
433	162
433	163
433	164
433	165
433	166
433	167
432	167
432	168
431	168
431	169
430	169
430	170
429	170
429	171
428	171
427	171
427	172
427	173
426	173
425	173
424	173
423	173
422	173
421	173
420	173
420	172
420	171
420	170
420	169
420	168
420	167
419	167
419	166
419	165
419	164
419	163
419	162
419	161
420	161
421	161
422	161

18	130
83	171
84	171
85	171
86	171
86	172
87	172
87	173
87	174
87	175
87	176
87	177
87	178
87	179
87	180
87	181
87	182
87	183
87	184
87	185
88	185
88	186
88	187
89	187
89	188
90	188
91	188
91	189
91	190
91	191
92	191
92	192
93	192
93	193
93	194
94	194
94	195
94	196
94	197
95	197
95	198
95	199
95	200
95	201
95	202
95	203
95	204
95	205
95	206
95	207
95	208
95	209
95	210
95	211
96	211
96	212
97	212
97	213
97	214
97	215
97	216
96	216
95	216
94	216
93	216
93	215
92	215
91	215
90	215
89	215
88	215
87	215
86	215
85	215
85	214
84	214
83	214
82	214
81	214
80	214
79	214
78	214
77	214
77	213
77	212
77	211
77	210
77	209
77	208
77	207
77	206
77	205
77	204
78	204
78	203
78	202
78	201
78	200
78	199
78	198
79	198
79	197
79	196
79	195
79	194
79	193
79	192
79	191
79	190
79	189
80	189
80	188
80	187
80	186
80	185
80	184
80	183
80	182
80	181
80	180
80	179
80	178
81	178
81	177
81	176
81	175
81	174
82	174
83	174
83	173
83	172

19	150
61	174
62	174
63	174
64	174
65	174
66	174
67	174
68	174
68	175
68	176
68	177
68	178
67	178
67	179
67	180
67	181
68	181
69	181
70	181
71	181
72	181
73	181
74	181
74	182
74	183
75	183
75	184
75	185
75	186
75	187
75	188
75	189
75	190
75	191
74	191
74	192
74	193
73	193
73	194
73	195
73	196
73	197
73	198
73	199
73	200
73	201
73	202
73	203
73	204
73	205
73	206
72	206
72	207
72	208
72	209
72	210
72	211
72	212
72	213
72	214
72	215
72	216
71	216
70	216
69	216
69	215
68	215
67	215
66	215
65	215
64	215
63	215
62	215
61	215
60	215
59	215
58	215
57	215
56	215
55	215
54	215
53	215
52	215
51	215
50	215
50	214
49	214
48	214
47	214
46	214
45	214
44	214
43	214
43	213
43	212
44	212
44	211
44	210
45	210
45	209
45	208
46	208
46	207
46	206
46	205
47	205
47	204
47	203
47	202
47	201
48	201
48	200
48	199
48	198
48	197
49	197
49	196
49	195
49	194
50	194
50	193
50	192
51	192
51	191
51	190
52	190
52	189
53	189
53	188
54	188
55	188
55	187
55	186
56	186
56	185
57	185
57	184
58	184
58	183
59	183
59	182
60	182
60	181
60	180
60	179
61	179
61	178
61	177
61	176
61	175

20	234
316	181
317	181
318	181
319	181
320	181
320	182
320	183
320	184
320	185
320	186
320	187
320	188
320	189
321	189
321	190
321	191
321	192
321	193
321	194
321	195
321	196
322	196
322	197
322	198
322	199
322	200
322	201
322	202
322	203
322	204
321	204
320	204
319	204
318	204
317	204
317	205
316	205
316	206
315	206
314	206
314	207
313	207
312	207
311	207
310	207
309	207
308	207
307	207
306	207
305	207
304	207
303	207
302	207
301	207
300	207
300	208
299	208
298	208
297	208
296	208
295	208
294	208
293	208
292	208
291	208
290	208
290	209
289	209
288	209
287	209
286	209
285	209
284	209
283	209
283	210
282	210
281	210
280	210
279	210
278	210
277	210
276	210
275	210
274	210
273	210
273	211
272	211
271	211
270	211
269	211
268	211
267	211
266	211
265	211
264	211
263	211
262	211
261	211
260	211
260	212
259	212
258	212
257	212
256	212
255	212
254	212
253	212
252	212
251	212
250	212
249	212
248	212
247	212
246	212
245	212
244	212
243	212
242	212
241	212
240	212
239	212
238	212
237	212
236	212
236	211
236	210
236	209
236	208
237	208
238	208
238	207
239	207
240	207
240	206
241	206
242	206
242	205
243	205
244	205
244	204
245	204
246	204
246	203
247	203
248	203
248	202
249	202
250	202
250	201
251	201
251	200
252	200
253	200
253	199
254	199
254	198
255	198
256	198
256	197
257	197
257	196
257	195
257	194
258	194
258	193
259	193
259	192
260	192
260	191
260	190
260	189
260	188
261	188
262	188
262	187
263	187
264	187
265	187
266	187
267	187
268	187
269	187
270	187
271	187
272	187
272	186
273	186
274	186
275	186
276	186
277	186
278	186
279	186
280	186
281	186
282	186
282	185
283	185
284	185
285	185
286	185
287	185
288	185
289	185
290	185
291	185
292	185
292	184
293	184
294	184
295	184
296	184
297	184
298	184
299	184
300	184
301	184
302	184
302	183
303	183
304	183
305	183
306	183
307	183
308	183
309	183
310	183
311	183
312	183
313	183
313	182
314	182
315	182
316	182

21	88
88	185
89	185
90	185
91	185
92	185
93	185
94	185
95	185
96	185
97	185
98	185
99	185
99	186
100	186
100	187
101	187
102	187
103	187
103	188
104	188
104	189
104	190
104	191
104	192
104	193
104	194
104	195
104	196
104	197
103	197
103	198
103	199
103	200
103	201
103	202
103	203
103	204
103	205
103	206
103	207
103	208
103	209
103	210
103	211
103	212
103	213
102	213
101	213
100	213
99	213
98	213
97	213
97	212
96	212
96	211
95	211
95	210
95	209
95	208
95	207
95	206
95	205
95	204
95	203
95	202
95	201
95	200
95	199
95	198
95	197
94	197
94	196
94	195
94	194
93	194
93	193
93	192
92	192
92	191
91	191
91	190
91	189
91	188
90	188
89	188
89	187
88	187
88	186

22	348
252	188
253	188
254	188
255	188
256	188
257	188
258	188
259	188
260	188
260	189
260	190
260	191
260	192
259	192
259	193
258	193
258	194
257	194
257	195
257	196
257	197
256	197
256	198
255	198
254	198
254	199
253	199
253	200
252	200
251	200
251	201
250	201
250	202
249	202
248	202
248	203
247	203
246	203
246	204
245	204
244	204
244	205
243	205
242	205
242	206
241	206
240	206
240	207
239	207
238	207
238	208
237	208
236	208
236	209
235	209
234	209
234	210
233	210
233	211
232	211
231	211
231	212
230	212
229	212
228	212
228	213
227	213
226	213
226	214
225	214
224	214
223	214
222	214
221	214
220	214
220	215
219	215
218	215
217	215
216	215
215	215
214	215
213	215
212	215
211	215
211	216
211	217
211	218
210	218
210	219
210	220
210	221
210	222
210	223
210	224
210	225
210	226
210	227
209	227
209	228
209	229
209	230
209	231
209	232
209	233
209	234
209	235
209	236
209	237
209	238
209	239
209	240
209	241
209	242
209	243
209	244
209	245
209	246
209	247
209	248
209	249
209	250
209	251
209	252
209	253
209	254
209	255
209	256
209	257
209	258
209	259
209	260
209	261
209	262
209	263
209	264
209	265
209	266
209	267
209	268
209	269
208	269
207	269
206	269
206	270
205	270
204	270
203	270
202	270
202	271
201	271
200	271
199	271
198	271
197	271
196	271
195	271
194	271
193	271
192	271
191	271
190	271
190	272
189	272
188	272
187	272
186	272
185	272
185	273
184	273
183	273
182	273
181	273
180	273
179	273
179	272
179	271
179	270
180	270
180	269
180	268
180	267
180	266
180	265
180	264
180	263
180	262
180	261
180	260
180	259
180	258
180	257
180	256
180	255
180	254
180	253
181	253
181	252
181	251
181	250
181	249
181	248
181	247
181	246
181	245
181	244
181	243
181	242
181	241
181	240
181	239
181	238
181	237
181	236
181	235
181	234
181	233
181	232
181	231
181	230
181	229
181	228
181	227
181	226
181	225
182	225
182	224
182	223
182	222
182	221
182	220
182	219
182	218
182	217
182	216
182	215
182	214
182	213
182	212
182	211
182	210
182	209
182	208
182	207
183	207
183	206
183	205
183	204
183	203
183	202
183	201
183	200
183	199
183	198
183	197
183	196
183	195
184	195
184	194
184	193
185	193
186	193
187	193
188	193
189	193
190	193
190	194
191	194
192	194
193	194
194	194
194	195
195	195
196	195
197	195
198	195
198	196
199	196
200	196
201	196
202	196
202	197
203	197
204	197
205	197
206	197
206	198
207	198
208	198
209	198
209	199
210	199
211	199
212	199
213	199
214	199
214	200
215	200
216	200
217	200
218	200
218	201
219	201
220	201
221	201
221	200
221	199
221	198
221	197
221	196
221	195
221	194
221	193
221	192
221	191
222	191
223	191
224	191
225	191
226	191
227	191
228	191
229	191
230	191
231	191
232	191
232	190
233	190
234	190
235	190
236	190
237	190
238	190
239	190
239	189
240	189
241	189
242	189
243	189
244	189
245	189
246	189
247	189
248	189
249	189
250	189
251	189
252	189

23	56
134	194
135	194
136	194
137	194
138	194
139	194
140	194
141	194
142	194
142	195
142	196
142	197
141	197
140	197
139	197
138	197
137	197
136	197
136	198
136	199
136	200
136	201
136	202
136	203
136	204
136	205
136	206
135	206
135	207
135	208
135	209
134	209
134	210
133	210
132	210
132	209
132	208
132	207
131	207
131	206
130	206
130	205
130	204
131	204
131	203
132	203
132	202
132	201
132	200
132	199
132	198
132	197
132	196
132	195
133	195
134	195

24	26
130	196
131	196
132	196
132	197
132	198
132	199
132	200
132	201
132	202
132	203
131	203
131	204
130	204
130	205
129	205
128	205
128	204
128	203
128	202
128	201
128	200
128	199
128	198
129	198
129	197
130	197

25	96
103	197
104	197
105	197
106	197
107	197
108	197
108	198
109	198
109	199
109	200
110	200
110	201
111	201
112	201
112	202
112	203
113	203
113	204
113	205
112	205
112	206
112	207
112	208
112	209
113	209
113	210
113	211
114	211
115	211
116	211
117	211
118	211
119	211
120	211
121	211
121	212
121	213
121	214
120	214
120	215
119	215
119	216
119	217
118	217
117	217
117	218
116	218
115	218
115	219
114	219
114	220
113	220
113	221
112	221
112	222
111	222
111	223
110	223
109	223
109	224
109	225
108	225
107	225
106	225
106	226
105	226
104	226
104	225
104	224
104	223
104	222
104	221
104	220
104	219
104	218
104	217
104	216
104	215
104	214
103	214
103	213
103	212
103	211
103	210
103	209
103	208
103	207
103	206
103	205
103	204
103	203
103	202
103	201
103	200
103	199
103	198

26	300
136	197
137	197
138	197
139	197
140	197
141	197
142	197
142	198
142	199
141	199
141	200
141	201
141	202
141	203
141	204
140	204
140	205
140	206
140	207
140	208
140	209
140	210
140	211
140	212
140	213
140	214
140	215
140	216
140	217
140	218
140	219
140	220
140	221
140	222
140	223
140	224
140	225
140	226
140	227
140	228
140	229
140	230
140	231
140	232
140	233
140	234
140	235
140	236
140	237
140	238
140	239
140	240
140	241
140	242
140	243
140	244
140	245
139	245
138	245
137	245
136	245
136	246
135	246
135	247
134	247
134	248
133	248
132	248
132	249
131	249
130	249
129	249
128	249
128	250
127	250
126	250
125	250
124	250
123	250
122	250
122	251
121	251
120	251
119	251
118	251
117	251
116	251
116	252
115	252
114	252
113	252
112	252
111	252
110	252
110	253
109	253
108	253
107	253
106	253
105	253
104	253
104	254
103	254
102	254
101	254
100	254
99	254
99	255
98	255
97	255
96	255
95	255
94	255
93	255
92	255
92	256
91	256
90	256
89	256
88	256
87	256
86	256
86	257
85	257
84	257
83	257
82	257
81	257
80	257
80	258
79	258
78	258
77	258
76	258
76	259
75	259
74	259
73	259
72	259
71	259
71	260
70	260
69	260
68	260
67	260
66	260
66	261
65	261
64	261
64	260
64	259
64	258
63	258
63	257
62	257
62	256
62	255
63	255
63	254
63	253
63	252
64	252
65	252
66	252
67	252
68	252
69	252
69	253
69	254
70	254
71	254
72	254
72	253
73	253
73	252
74	252
74	251
75	251
75	250
75	249
76	249
77	249
77	248
78	248
79	248
79	247
79	246
80	246
81	246
81	245
82	245
82	244
83	244
83	243
84	243
84	242
85	242
85	241
86	241
87	241
87	240
88	240
88	239
89	239
89	238
90	238
90	237
91	237
91	236
92	236
93	236
93	235
94	235
94	234
95	234
95	233
96	233
96	232
97	232
98	232
98	231
99	231
99	230
100	230
100	229
101	229
101	228
102	228
102	227
103	227
104	227
104	226
105	226
106	226
106	225
107	225
108	225
109	225
109	224
109	223
110	223
111	223
111	222
112	222
112	221
113	221
113	220
114	220
114	219
115	219
115	218
116	218
117	218
117	217
118	217
119	217
120	217
120	218
120	219
121	219
122	219
122	220
123	220
124	220
125	220
126	220
127	220
127	221
128	221
129	221
130	221
130	220
130	219
130	218
130	217
131	217
131	216
131	215
131	214
131	213
131	212
131	211
131	210
132	210
133	210
134	210
134	209
135	209
135	208
135	207
135	206
136	206
136	205
136	204
136	203
136	202
136	201
136	200
136	199
136	198

27	346
317	204
318	204
319	204
320	204
321	204
322	204
322	205
322	206
322	207
322	208
323	208
323	209
324	209
324	210
324	211
324	212
324	213
324	214
324	215
324	216
324	217
323	217
323	218
323	219
323	220
322	220
322	221
322	222
321	222
321	223
321	224
321	225
321	226
321	227
321	228
321	229
321	230
321	231
321	232
321	233
321	234
321	235
321	236
321	237
321	238
321	239
321	240
321	241
321	242
321	243
321	244
321	245
321	246
321	247
321	248
321	249
322	249
322	250
322	251
322	252
322	253
322	254
322	255
322	256
322	257
322	258
322	259
322	260
322	261
322	262
322	263
321	263
320	263
319	263
318	263
317	263
316	263
315	263
314	263
313	263
312	263
311	263
310	263
309	263
308	263
307	263
306	263
305	263
304	263
303	263
302	263
301	263
300	263
299	263
298	263
298	264
297	264
296	264
295	264
294	264
293	264
292	264
291	264
290	264
290	265
289	265
288	265
287	265
286	265
285	265
284	265
283	265
282	265
281	265
280	265
279	265
278	265
277	265
276	265
275	265
274	265
273	265
272	265
271	265
270	265
270	266
269	266
268	266
267	266
266	266
265	266
265	267
264	267
263	267
262	267
261	267
260	267
259	267
258	267
257	267
256	267
256	268
255	268
254	268
253	268
252	268
251	268
250	268
249	268
248	268
247	268
246	268
246	269
245	269
244	269
243	269
242	269
241	269
240	269
239	269
238	269
237	269
236	269
235	269
234	269
233	269
232	269
231	269
230	269
229	269
228	269
227	269
226	269
225	269
224	269
223	269
223	268
223	267
223	266
223	265
224	265
224	264
225	264
225	263
225	262
226	262
226	261
227	261
227	260
227	259
227	258
227	257
227	256
227	255
227	254
226	254
226	253
225	253
225	252
225	251
225	250
225	249
225	248
225	247
225	246
225	245
225	244
225	243
225	242
225	241
225	240
226	240
226	239
226	238
226	237
226	236
227	236
227	235
227	234
227	233
227	232
227	231
227	230
227	229
227	228
227	227
227	226
226	226
226	225
226	224
226	223
226	222
226	221
226	220
226	219
226	218
226	217
226	216
226	215
226	214
226	213
227	213
228	213
228	212
229	212
230	212
231	212
231	211
232	211
233	211
233	210
234	210
234	209
235	209
236	209
236	210
236	211
236	212
237	212
238	212
239	212
240	212
241	212
242	212
243	212
244	212
245	212
246	212
247	212
248	212
249	212
250	212
251	212
252	212
253	212
254	212
255	212
256	212
257	212
258	212
259	212
260	212
260	211
261	211
262	211
263	211
264	211
265	211
266	211
267	211
268	211
269	211
270	211
271	211
272	211
273	211
273	210
274	210
275	210
276	210
277	210
278	210
279	210
280	210
281	210
282	210
283	210
283	209
284	209
285	209
286	209
287	209
288	209
289	209
290	209
290	208
291	208
292	208
293	208
294	208
295	208
296	208
297	208
298	208
299	208
300	208
300	207
301	207
302	207
303	207
304	207
305	207
306	207
307	207
308	207
309	207
310	207
311	207
312	207
313	207
314	207
314	206
315	206
316	206
316	205
317	205

28	58
128	205
129	205
130	205
130	206
131	206
131	207
132	207
132	208
132	209
132	210
131	210
131	211
131	212
131	213
131	214
131	215
131	216
131	217
130	217
130	218
130	219
130	220
130	221
129	221
128	221
127	221
127	220
126	220
125	220
124	220
123	220
122	220
122	219
121	219
120	219
120	218
120	217
119	217
119	216
119	215
120	215
120	214
121	214
121	213
121	212
121	211
121	210
122	210
123	210
123	209
124	209
125	209
125	208
126	208
126	207
127	207
127	206
128	206

29	238
42	214
43	214
44	214
45	214
46	214
47	214
48	214
49	214
50	214
50	215
51	215
52	215
53	215
54	215
55	215
56	215
57	215
58	215
59	215
60	215
61	215
62	215
63	215
64	215
65	215
66	215
67	215
68	215
69	215
69	216
70	216
71	216
71	217
71	218
71	219
71	220
70	220
70	221
70	222
70	223
70	224
69	224
69	225
69	226
69	227
69	228
69	229
69	230
68	230
68	231
68	232
68	233
67	233
67	234
67	235
67	236
66	236
66	237
66	238
66	239
66	240
65	240
65	241
65	242
64	242
64	243
64	244
64	245
64	246
63	246
63	247
63	248
63	249
63	250
63	251
63	252
63	253
63	254
63	255
62	255
62	256
62	257
61	257
61	258
60	258
60	259
60	260
60	261
60	262
60	263
60	264
60	265
60	266
60	267
61	267
61	268
61	269
61	270
61	271
61	272
61	273
61	274
60	274
60	275
60	276
60	277
60	278
60	279
60	280
60	281
60	282
60	283
59	283
58	283
57	283
56	283
55	283
54	283
53	283
52	283
51	283
51	284
50	284
49	284
48	284
47	284
46	284
45	284
44	284
43	284
42	284
41	284
40	284
39	284
38	284
37	284
36	284
36	285
35	285
34	285
33	285
32	285
31	285
30	285
29	285
29	286
28	286
27	286
26	286
25	286
25	285
25	284
25	283
25	282
25	281
25	280
25	279
25	278
25	277
26	277
26	276
26	275
26	274
26	273
26	272
26	271
26	270
26	269
26	268
26	267
26	266
26	265
26	264
27	264
27	263
27	262
27	261
27	260
28	260
28	259
28	258
28	257
28	256
29	256
29	255
29	254
29	253
29	252
30	252
30	251
30	250
30	249
30	248
31	248
31	247
31	246
31	245
31	244
31	243
31	242
31	241
31	240
31	239
32	239
32	238
32	237
32	236
32	235
32	234
33	234
33	233
33	232
34	232
34	231
34	230
35	230
35	229
35	228
35	227
35	226
36	226
36	225
36	224
37	224
37	223
37	222
37	221
38	221
38	220
38	219
39	219
39	218
39	217
40	217
40	216
41	216
41	215
42	215

30	150
220	214
221	214
222	214
223	214
224	214
225	214
226	214
226	215
226	216
226	217
226	218
226	219
226	220
226	221
226	222
226	223
226	224
226	225
226	226
227	226
227	227
227	228
227	229
227	230
227	231
227	232
227	233
227	234
227	235
227	236
226	236
226	237
226	238
226	239
226	240
225	240
225	241
225	242
225	243
225	244
225	245
225	246
225	247
225	248
225	249
225	250
225	251
225	252
225	253
226	253
226	254
227	254
227	255
227	256
227	257
227	258
227	259
227	260
227	261
226	261
226	262
225	262
225	263
225	264
224	264
224	265
223	265
223	266
223	267
223	268
223	269
222	269
221	269
220	269
219	269
218	269
217	269
216	269
215	269
214	269
213	269
212	269
211	269
210	269
209	269
209	268
209	267
209	266
209	265
209	264
209	263
209	262
209	261
209	260
209	259
209	258
209	257
209	256
209	255
209	254
209	253
209	252
209	251
209	250
209	249
209	248
209	247
209	246
209	245
209	244
209	243
209	242
209	241
209	240
209	239
209	238
209	237
209	236
209	235
209	234
209	233
209	232
209	231
209	230
209	229
209	228
209	227
210	227
210	226
210	225
210	224
210	223
210	222
210	221
210	220
210	219
210	218
211	218
211	217
211	216
211	215
212	215
213	215
214	215
215	215
216	215
217	215
218	215
219	215
220	215

31	238
136	245
137	245
138	245
139	245
140	245
140	246
140	247
140	248
140	249
140	250
140	251
140	252
140	253
140	254
140	255
140	256
140	257
139	257
138	257
137	257
136	257
136	258
136	259
136	260
136	261
136	262
136	263
136	264
136	265
135	265
135	266
135	267
135	268
135	269
135	270
135	271
135	272
134	272
134	273
134	274
134	275
134	276
134	277
133	277
132	277
131	277
130	277
129	277
128	277
127	277
126	277
125	277
124	277
124	278
123	278
122	278
121	278
120	278
119	278
118	278
117	278
116	278
115	278
115	279
114	279
113	279
112	279
111	279
110	279
109	279
108	279
107	279
106	279
105	279
104	279
103	279
102	279
101	279
100	279
99	279
98	279
97	279
97	280
96	280
95	280
94	280
93	280
92	280
91	280
90	280
89	280
88	280
88	281
87	281
86	281
85	281
84	281
83	281
82	281
81	281
80	281
79	281
78	281
77	281
76	281
76	282
75	282
74	282
73	282
72	282
71	282
70	282
69	282
68	282
67	282
66	282
65	282
65	283
64	283
63	283
62	283
61	283
60	283
60	282
60	281
60	280
60	279
60	278
60	277
60	276
60	275
60	274
61	274
61	273
61	272
61	271
61	270
61	269
61	268
61	267
60	267
60	266
60	265
60	264
61	264
62	264
63	264
64	264
64	263
64	262
64	261
65	261
66	261
66	260
67	260
68	260
69	260
70	260
71	260
71	259
72	259
73	259
74	259
75	259
76	259
76	258
77	258
78	258
79	258
80	258
80	257
81	257
82	257
83	257
84	257
85	257
86	257
86	256
87	256
88	256
89	256
90	256
91	256
92	256
92	255
93	255
94	255
95	255
96	255
97	255
98	255
99	255
99	254
100	254
101	254
102	254
103	254
104	254
104	253
105	253
106	253
107	253
108	253
109	253
110	253
110	252
111	252
112	252
113	252
114	252
115	252
116	252
116	251
117	251
118	251
119	251
120	251
121	251
122	251
122	250
123	250
124	250
125	250
126	250
127	250
128	250
128	249
129	249
130	249
131	249
132	249
132	248
133	248
134	248
134	247
135	247
135	246
136	246

32	50
362	248
363	248
364	248
364	249
365	249
366	249
367	249
367	250
368	250
368	251
369	251
369	252
369	253
369	254
369	255
369	256
369	257
369	258
369	259
368	259
367	259
366	259
365	259
364	259
363	259
362	259
361	259
360	259
359	259
358	259
357	259
356	259
355	259
355	258
355	257
355	256
355	255
355	254
355	253
356	253
356	252
356	251
356	250
357	250
358	250
358	249
359	249
360	249
361	249
362	249

33	1086
463	252
464	252
465	252
466	252
467	252
468	252
469	252
470	252
471	252
472	252
473	252
474	252
475	252
476	252
477	252
478	252
479	252
480	252
480	253
480	254
480	255
480	256
480	257
480	258
480	259
480	260
480	261
480	262
480	263
480	264
480	265
480	266
480	267
480	268
480	269
480	270
480	271
480	272
480	273
480	274
480	275
480	276
480	277
480	278
480	279
480	280
480	281
480	282
480	283
480	284
480	285
480	286
480	287
480	288
480	289
480	290
480	291
480	292
480	293
480	294
480	295
480	296
480	297
480	298
480	299
480	300
480	301
480	302
480	303
480	304
480	305
480	306
480	307
480	308
480	309
480	310
480	311
480	312
480	313
480	314
480	315
480	316
480	317
480	318
480	319
480	320
479	320
478	320
477	320
476	320
475	320
474	320
473	320
472	320
471	320
470	320
469	320
468	320
467	320
466	320
465	320
464	320
463	320
462	320
461	320
460	320
459	320
458	320
457	320
456	320
455	320
454	320
453	320
452	320
451	320
450	320
449	320
448	320
447	320
446	320
445	320
444	320
443	320
442	320
441	320
440	320
439	320
438	320
437	320
436	320
435	320
434	320
433	320
432	320
431	320
430	320
429	320
428	320
427	320
426	320
425	320
424	320
423	320
422	320
421	320
420	320
419	320
418	320
417	320
416	320
415	320
414	320
413	320
412	320
411	320
410	320
409	320
408	320
407	320
406	320
405	320
404	320
403	320
402	320
401	320
400	320
399	320
398	320
397	320
396	320
395	320
394	320
393	320
392	320
391	320
390	320
389	320
388	320
387	320
386	320
385	320
384	320
383	320
382	320
381	320
380	320
379	320
378	320
377	320
376	320
375	320
374	320
373	320
372	320
371	320
370	320
369	320
368	320
367	320
366	320
365	320
364	320
363	320
362	320
361	320
360	320
359	320
358	320
357	320
356	320
355	320
354	320
353	320
352	320
351	320
350	320
349	320
348	320
347	320
346	320
345	320
344	320
343	320
342	320
341	320
340	320
339	320
338	320
337	320
336	320
335	320
334	320
333	320
332	320
331	320
330	320
329	320
328	320
327	320
326	320
325	320
324	320
323	320
322	320
321	320
320	320
319	320
318	320
317	320
316	320
315	320
314	320
313	320
312	320
311	320
310	320
309	320
308	320
307	320
306	320
305	320
304	320
303	320
302	320
301	320
300	320
299	320
298	320
297	320
296	320
295	320
294	320
293	320
292	320
291	320
290	320
289	320
288	320
287	320
286	320
285	320
284	320
283	320
282	320
281	320
280	320
279	320
278	320
277	320
276	320
275	320
274	320
273	320
272	320
271	320
270	320
269	320
268	320
267	320
266	320
265	320
264	320
263	320
262	320
261	320
260	320
259	320
258	320
257	320
256	320
255	320
254	320
253	320
252	320
251	320
250	320
249	320
248	320
247	320
246	320
245	320
244	320
243	320
242	320
241	320
240	320
239	320
238	320
237	320
236	320
235	320
234	320
233	320
232	320
231	320
230	320
229	320
228	320
227	320
226	320
225	320
224	320
223	320
222	320
221	320
220	320
219	320
218	320
217	320
216	320
215	320
214	320
213	320
212	320
211	320
210	320
209	320
208	320
207	320
206	320
205	320
204	320
203	320
202	320
201	320
200	320
199	320
198	320
197	320
196	320
195	320
194	320
193	320
192	320
191	320
190	320
189	320
188	320
187	320
186	320
185	320
184	320
183	320
182	320
181	320
180	320
179	320
178	320
177	320
176	320
175	320
174	320
173	320
172	320
171	320
170	320
169	320
168	320
167	320
166	320
165	320
164	320
163	320
162	320
161	320
160	320
159	320
158	320
157	320
156	320
155	320
154	320
153	320
152	320
151	320
150	320
149	320
148	320
147	320
146	320
145	320
144	320
143	320
142	320
141	320
140	320
139	320
138	320
137	320
136	320
135	320
134	320
133	320
132	320
131	320
130	320
129	320
128	320
127	320
126	320
125	320
124	320
123	320
122	320
121	320
120	320
119	320
118	320
117	320
116	320
115	320
114	320
113	320
112	320
111	320
110	320
109	320
108	320
107	320
106	320
105	320
104	320
103	320
102	320
101	320
100	320
99	320
98	320
97	320
96	320
95	320
94	320
93	320
92	320
91	320
90	320
89	320
88	320
87	320
86	320
85	320
84	320
83	320
82	320
81	320
80	320
79	320
78	320
77	320
76	320
75	320
74	320
73	320
72	320
71	320
70	320
69	320
68	320
67	320
66	320
65	320
64	320
63	320
62	320
61	320
60	320
59	320
58	320
57	320
56	320
55	320
54	320
53	320
52	320
51	320
50	320
49	320
48	320
47	320
46	320
45	320
44	320
43	320
42	320
41	320
40	320
39	320
38	320
37	320
36	320
35	320
34	320
33	320
32	320
31	320
30	320
29	320
28	320
27	320
26	320
25	320
24	320
23	320
22	320
21	320
20	320
19	320
18	320
17	320
16	320
15	320
14	320
13	320
12	320
11	320
10	320
9	320
8	320
7	320
6	320
5	320
5	319
5	318
5	317
5	316
5	315
5	314
5	313
5	312
5	311
5	310
5	309
5	308
5	307
5	306
5	305
5	304
5	303
5	302
5	301
5	300
5	299
6	299
6	298
6	297
6	296
6	295
6	294
6	293
6	292
6	291
6	290
6	289
6	288
7	288
8	288
8	287
9	287
10	287
11	287
12	287
13	287
14	287
15	287
16	287
17	287
18	287
18	286
19	286
20	286
21	286
22	286
23	286
24	286
25	286
26	286
27	286
28	286
29	286
29	285
30	285
31	285
32	285
33	285
34	285
35	285
36	285
36	284
37	284
38	284
39	284
40	284
41	284
42	284
43	284
44	284
45	284
46	284
47	284
48	284
49	284
50	284
51	284
51	283
52	283
53	283
54	283
55	283
56	283
57	283
58	283
59	283
60	283
61	283
62	283
63	283
64	283
65	283
65	282
66	282
67	282
68	282
69	282
70	282
71	282
72	282
73	282
74	282
75	282
76	282
76	281
77	281
78	281
79	281
80	281
81	281
82	281
83	281
84	281
85	281
86	281
87	281
88	281
88	280
89	280
90	280
91	280
92	280
93	280
94	280
95	280
96	280
97	280
97	279
98	279
99	279
100	279
101	279
102	279
103	279
104	279
105	279
106	279
107	279
108	279
109	279
110	279
111	279
112	279
113	279
114	279
115	279
115	278
116	278
117	278
118	278
119	278
120	278
121	278
122	278
123	278
124	278
124	277
125	277
126	277
127	277
128	277
129	277
130	277
131	277
132	277
133	277
134	277
135	277
136	277
137	277
138	277
139	277
140	277
141	277
142	277
143	277
144	277
145	277
146	277
147	277
147	276
148	276
149	276
150	276
151	276
152	276
153	276
154	276
154	275
155	275
156	275
157	275
158	275
159	275
160	275
161	275
162	275
163	275
163	274
164	274
165	274
166	274
167	274
168	274
169	274
170	274
171	274
172	274
173	274
174	274
175	274
176	274
176	273
177	273
178	273
179	273
180	273
181	273
182	273
183	273
184	273
185	273
185	272
186	272
187	272
188	272
189	272
190	272
190	271
191	271
192	271
193	271
194	271
195	271
196	271
197	271
198	271
199	271
200	271
201	271
202	271
202	270
203	270
204	270
205	270
206	270
206	269
207	269
208	269
209	269
210	269
211	269
212	269
213	269
214	269
215	269
216	269
217	269
218	269
219	269
220	269
221	269
222	269
223	269
224	269
225	269
226	269
227	269
228	269
229	269
230	269
231	269
232	269
233	269
234	269
235	269
236	269
237	269
238	269
239	269
240	269
241	269
242	269
243	269
244	269
245	269
246	269
246	268
247	268
248	268
249	268
250	268
251	268
252	268
253	268
254	268
255	268
256	268
256	267
257	267
258	267
259	267
260	267
261	267
262	267
263	267
264	267
265	267
265	266
266	266
267	266
268	266
269	266
270	266
270	265
271	265
272	265
273	265
274	265
275	265
276	265
277	265
278	265
279	265
280	265
281	265
282	265
283	265
284	265
285	265
286	265
287	265
288	265
289	265
290	265
290	264
291	264
292	264
293	264
294	264
295	264
296	264
297	264
298	264
298	263
299	263
300	263
301	263
302	263
303	263
304	263
305	263
306	263
307	263
308	263
309	263
310	263
311	263
312	263
313	263
314	263
315	263
316	263
317	263
318	263
319	263
320	263
321	263
322	263
323	263
324	263
325	263
325	262
326	262
327	262
328	262
329	262
330	262
331	262
332	262
333	262
334	262
335	262
336	262
337	262
337	261
338	261
339	261
340	261
341	261
342	261
343	261
344	261
345	261
346	261
347	261
348	261
349	261
349	260
350	260
351	260
352	260
353	260
354	260
355	260
355	259
356	259
357	259
358	259
359	259
360	259
361	259
362	259
363	259
364	259
365	259
366	259
367	259
368	259
369	259
370	259
371	259
372	259
372	258
373	258
374	258
375	258
376	258
377	258
378	258
379	258
380	258
381	258
382	258
383	258
384	258
385	258
386	258
387	258
388	258
389	258
389	257
390	257
391	257
392	257
393	257
394	257
395	257
395	256
396	256
397	256
398	256
399	256
400	256
401	256
402	256
403	256
404	256
405	256
406	256
407	256
408	256
409	256
410	256
411	256
411	255
412	255
413	255
414	255
415	255
416	255
417	255
418	255
419	255
420	255
421	255
422	255
423	255
424	255
425	255
426	255
427	255
428	255
429	255
430	255
431	255
431	254
432	254
433	254
434	254
435	254
436	254
437	254
438	254
439	254
440	254
441	254
441	253
442	253
443	253
444	253
445	253
446	253
447	253
448	253
449	253
450	253
451	253
452	253
453	253
454	253
455	253
456	253
457	253
458	253
459	253
460	253
461	253
462	253
463	253

34	22
61	257
62	257
63	257
63	258
64	258
64	259
64	260
64	261
64	262
64	263
64	264
63	264
62	264
61	264
60	264
60	263
60	262
60	261
60	260
60	259
60	258
61	258

35	52
136	257
137	257
138	257
139	257
140	257
140	258
140	259
140	260
140	261
140	262
140	263
140	264
140	265
140	266
140	267
140	268
140	269
140	270
140	271
140	272
140	273
140	274
140	275
140	276
140	277
139	277
138	277
137	277
136	277
135	277
134	277
134	276
134	275
134	274
134	273
134	272
135	272
135	271
135	270
135	269
135	268
135	267
135	266
135	265
136	265
136	264
136	263
136	262
136	261
136	260
136	259
136	258

36	14
23	281
24	281
25	281
25	282
25	283
25	284
25	285
25	286
24	286
23	286
23	285
23	284
23	283
23	282

37	76
0	288
1	288
2	288
3	288
4	288
5	288
6	288
6	289
6	290
6	291
6	292
6	293
6	294
6	295
6	296
6	297
6	298
6	299
5	299
5	300
5	301
5	302
5	303
5	304
5	305
5	306
5	307
5	308
5	309
5	310
5	311
5	312
5	313
5	314
5	315
5	316
5	317
5	318
5	319
5	320
4	320
3	320
2	320
1	320
0	320
0	319
0	318
0	317
0	316
0	315
0	314
0	313
0	312
0	311
0	310
0	309
0	308
0	307
0	306
0	305
0	304
0	303
0	302
0	301
0	300
0	299
0	298
0	297
0	296
0	295
0	294
0	293
0	292
0	291
0	290
0	289

